object Form3: TForm3
  Left = 0
  Top = 0
  Caption = 'Form3'
  ClientHeight = 480
  ClientWidth = 640
  FormFactor.Width = 320
  FormFactor.Height = 480
  FormFactor.Devices = [Desktop]
  DesignerMasterStyle = 0
  object Button1: TButton
    Position.X = 72.000000000000000000
    Position.Y = 104.000000000000000000
    Size.Width = 481.000000000000000000
    Size.Height = 209.000000000000000000
    Size.PlatformDefault = False
    TabOrder = 1
    Text = 'Bot'#227'o da tela principal'
  end
end
